0.05	0.05	0.2	0.84	0.3	0.25	0.68	0.16	0.49	0.14	0.94	0.09	0.04	0.96	0.26	0.18	0.69	0.74	0.35	0.3	0.3	0.38	0.16	0.28	0.33	0.9	0.94	0.78	0.99	0.0	0.77	0.24	0.85	0.57	0.97	0.86	0.56	0.63	0.02	0.1
0.54	0.16	0.61	0.6	0.45	0.16	0.23	0.51	1.0	0.08	0.88	0.98	0.1	0.88	0.86	0.54	0.93	0.98	0.51	0.55	0.83	0.35	0.44	0.7	0.03	0.17	0.41	0.06	0.67	0.18	0.04	0.65	0.55	0.19	0.73	0.21	0.35	0.17	0.36	0.84
0.29	0.87	0.58	0.65	0.62	0.45	0.42	0.19	0.69	0.63	0.58	0.82	0.3	0.57	0.54	0.74	0.67	0.46	0.25	0.8	0.04	0.36	0.55	0.9	0.89	0.1	0.87	0.06	0.77	0.76	0.91	0.6	0.35	0.66	0.5	0.86	0.62	0.9	0.8	0.29
0.35	0.09	0.55	0.27	0.9	0.12	0.44	0.96	0.98	0.5	0.17	0.6	0.33	0.33	0.2	0.2	0.28	0.79	0.25	0.33	0.34	0.19	0.21	0.38	0.47	0.7	0.91	0.61	0.84	0.29	0.42	0.89	0.38	0.07	0.08	0.7	0.97	0.29	0.2	0.09
0.16	0.57	0.35	0.04	0.76	0.16	0.08	0.13	0.81	0.31	0.1	0.53	0.29	0.51	0.78	0.57	0.08	0.8	0.05	0.17	0.25	0.92	0.05	0.66	0.12	0.82	0.42	0.41	0.64	0.9	0.13	0.29	0.19	0.19	0.11	0.2	0.55	0.71	0.36	0.33
0.51	0.25	0.71	0.56	0.35	0.24	0.84	0.66	0.29	0.48	0.31	0.12	0.05	0.19	0.38	0.45	0.85	0.11	0.63	0.1	0.68	0.21	0.07	0.67	0.81	0.57	0.57	0.95	0.53	0.01	0.56	0.94	0.24	0.79	0.03	0.72	0.23	0.78	0.62	0.51
0.31	0.59	0.44	0.12	0.97	0.58	0.55	0.78	0.57	0.83	0.35	0.99	1.0	0.92	0.72	0.54	0.47	0.27	0.6	0.5	0.91	0.89	0.6	0.05	0.54	0.71	0.69	0.22	0.36	0.84	0.47	0.69	0.24	0.13	0.44	0.58	0.89	0.33	0.1	0.48
0.63	0.13	0.01	0.28	0.61	0.85	0.88	0.91	0.7	0.11	0.64	0.56	0.3	0.41	0.13	0.78	0.83	0.43	0.43	0.74	0.76	0.98	0.12	0.37	0.14	0.12	0.33	0.89	0.11	0.35	0.28	0.67	0.69	0.41	0.57	0.2	0.35	0.6	0.79	0.42
0.52	0.4	0.88	0.75	0.37	0.48	0.03	0.05	0.92	0.78	0.92	0.41	0.71	0.45	0.75	0.53	0.56	0.72	0.03	0.79	0.71	0.49	0.28	0.06	0.21	0.41	0.66	0.99	0.76	0.75	0.32	0.67	0.71	0.57	0.6	0.64	0.75	0.74	0.54	1.0
0.75	0.07	0.43	0.53	0.01	0.86	0.65	0.61	0.97	0.95	0.75	0.53	0.41	0.22	0.36	0.59	0.57	0.06	0.34	0.73	0.55	0.72	0.49	0.71	0.42	0.58	0.33	0.99	0.15	0.49	0.2	0.85	0.57	0.92	0.5	0.14	0.91	0.42	0.53	0.78
0.15	0.66	0.0	0.02	0.75	0.72	0.49	0.96	0.16	0.48	0.43	0.86	0.56	0.76	0.11	0.99	0.3	0.4	0.8	0.83	0.92	0.04	0.75	0.38	0.8	0.53	0.42	0.76	0.46	0.62	0.82	0.47	0.9	0.75	0.93	0.21	0.51	0.81	0.12	0.14
0.54	0.8	0.5	0.59	0.2	0.7	0.2	0.47	0.53	0.74	0.16	0.45	0.92	0.21	0.03	0.91	0.04	0.23	0.58	0.62	0.7	0.22	0.6	0.78	0.84	0.37	0.85	0.74	0.71	0.6	0.73	0.64	0.47	0.99	0.63	0.18	0.64	0.36	0.72	0.59
0.63	0.61	0.57	0.67	0.54	0.99	0.15	0.12	0.88	0.97	0.5	0.95	0.15	0.29	0.69	0.21	0.35	0.99	0.46	0.59	0.66	0.81	0.61	0.36	0.66	0.12	0.68	0.08	0.98	0.74	0.47	0.35	0.45	0.63	0.67	0.3	0.45	0.51	0.13	0.82
0.63	1.0	0.23	0.2	0.38	0.52	0.98	0.64	0.29	0.36	0.37	0.9	0.85	0.96	0.92	0.19	0.96	0.04	0.73	0.47	0.77	0.93	0.67	0.06	0.6	0.48	0.1	0.86	0.41	0.86	0.88	0.65	0.89	0.05	0.07	0.89	0.41	0.83	0.91	1.0
0.12	0.56	0.72	0.63	0.31	0.19	0.28	0.79	0.63	0.77	0.3	0.26	0.59	0.78	0.85	0.1	0.9	0.36	0.41	0.67	0.24	0.95	0.4	0.48	0.83	0.24	0.68	0.47	0.56	0.82	0.84	0.84	0.99	0.56	0.41	0.08	0.43	0.13	0.75	0.68
0.77	0.18	0.19	0.8	0.25	0.66	0.7	0.23	0.7	0.64	0.54	0.09	0.85	0.1	0.61	0.49	0.25	0.97	0.24	0.87	0.02	0.88	0.66	0.25	0.37	0.61	0.51	0.1	0.02	0.15	0.13	0.76	0.02	1.0	0.61	0.74	0.76	0.25	0.15	0.3
0.51	0.34	0.06	0.34	0.91	0.27	0.15	0.17	0.02	0.93	0.86	0.1	0.09	0.03	0.1	0.28	0.59	0.16	0.15	0.27	0.64	0.72	0.69	0.17	0.19	0.6	0.06	0.81	0.49	0.49	0.61	0.52	0.37	0.33	0.87	0.04	0.65	0.6	0.48	0.07
0.48	0.39	0.93	0.88	0.94	0.74	0.24	0.98	0.21	0.62	0.9	0.83	0.47	0.62	0.59	0.79	0.94	0.92	0.8	0.61	0.98	0.87	0.03	0.84	0.3	0.31	0.62	0.19	0.96	0.58	0.4	0.27	0.55	0.47	0.35	0.13	0.26	0.27	0.8	0.14
1.0	0.52	0.05	0.41	0.03	0.78	0.12	0.57	0.07	0.86	0.76	0.01	0.2	0.73	0.89	0.01	0.89	0.08	0.44	0.51	0.84	0.5	0.86	0.62	0.95	0.73	0.27	0.09	0.91	0.64	0.78	0.68	0.96	0.22	0.53	0.21	0.99	0.15	0.21	0.52
0.25	1.0	0.1	0.54	0.63	0.71	0.85	0.1	0.69	0.41	0.84	0.12	0.34	0.6	0.1	0.3	0.8	0.05	0.13	0.05	0.23	0.06	0.07	0.69	0.42	0.39	0.85	0.37	0.39	0.68	0.14	0.84	0.49	0.49	0.64	0.87	0.85	0.52	0.55	0.36
0.98	1.0	0.64	0.5	0.89	0.12	0.57	0.69	0.76	0.84	0.04	0.01	0.7	0.57	0.88	0.26	0.85	0.24	0.81	0.46	0.18	0.79	0.36	0.95	0.27	0.76	0.08	0.53	0.39	0.55	0.01	0.75	0.49	0.74	0.62	0.04	0.47	0.28	0.86	0.86
0.37	0.19	0.16	0.68	0.64	0.35	0.97	0.5	0.72	0.71	0.14	0.52	0.0	0.17	0.04	0.71	0.17	0.86	0.55	0.7	0.52	0.58	0.38	0.18	0.58	0.79	0.57	0.83	0.77	0.09	0.78	0.09	0.36	0.07	1.0	0.58	0.91	0.72	0.55	0.57
0.51	0.22	0.8	0.44	0.41	0.11	0.51	0.15	0.74	0.14	0.21	0.06	0.04	0.44	0.11	0.14	0.97	0.36	0.78	0.68	0.1	0.09	0.52	0.57	0.38	0.78	0.51	0.43	0.6	0.28	0.0	0.31	0.25	0.97	0.18	0.31	0.87	0.36	0.07	0.64
0.86	0.28	0.77	0.71	0.08	0.56	0.01	0.88	0.61	0.47	0.61	0.84	0.56	0.74	0.34	0.98	0.98	0.45	0.2	0.53	0.61	0.65	0.21	0.95	0.71	0.22	0.86	0.58	0.2	0.09	0.74	0.87	0.16	0.08	0.09	0.63	0.03	0.76	0.07	0.61
0.46	0.99	0.19	0.31	0.49	0.31	0.54	0.62	0.12	0.89	0.59	0.58	0.28	0.06	0.51	0.31	0.45	0.75	0.33	0.87	0.08	0.16	0.11	0.68	0.47	0.29	0.49	0.93	0.3	0.48	0.31	0.01	0.73	0.98	0.9	0.42	0.06	0.27	0.31	0.07
0.05	0.66	0.59	0.1	0.38	0.13	0.29	0.6	0.46	0.28	0.14	0.3	0.56	0.63	0.05	0.06	0.55	0.72	0.16	0.79	0.85	0.47	0.3	0.05	0.16	0.91	0.23	0.45	0.34	0.54	0.42	0.45	0.91	0.37	0.29	0.96	0.24	0.06	0.99	0.4
0.81	0.41	0.97	0.61	0.18	0.08	0.66	0.1	0.53	0.82	0.14	0.67	0.38	0.15	0.99	0.38	0.34	0.39	0.47	0.32	0.07	0.93	0.28	0.2	0.68	0.65	0.94	0.19	0.95	0.76	0.64	0.36	0.85	0.08	0.56	0.01	0.11	0.99	0.3	0.33
0.24	0.93	0.73	0.11	0.53	0.06	0.46	0.36	0.61	0.61	0.14	0.84	0.15	0.58	0.69	0.08	0.1	0.34	0.33	0.56	0.33	0.09	0.92	0.31	0.9	0.46	0.76	0.53	0.72	0.97	0.33	0.74	0.58	0.19	0.92	0.24	0.72	0.1	0.47	0.95
0.91	0.5	0.59	0.28	0.06	0.74	0.83	0.63	0.59	0.03	0.28	0.22	0.62	0.09	0.87	0.16	0.16	0.96	0.25	0.8	0.61	0.94	0.71	0.28	0.45	0.14	0.11	0.7	0.09	0.87	0.38	0.21	0.04	0.39	0.3	0.5	0.39	0.8	0.17	0.36
0.11	0.41	0.76	0.5	0.08	0.89	0.11	0.78	0.16	0.93	0.25	0.03	0.03	0.34	0.93	0.07	0.34	0.69	0.53	0.31	0.92	0.52	0.73	0.84	0.7	0.44	0.6	0.34	0.92	0.86	0.33	0.84	0.56	0.91	0.26	0.25	0.27	0.18	0.97	0.31
0.5	0.41	0.27	0.56	0.31	0.72	0.88	0.48	0.98	0.13	0.98	0.79	0.7	0.68	0.56	0.39	0.13	0.87	0.43	0.51	0.78	0.54	0.97	0.84	0.36	0.58	0.5	0.04	0.72	0.57	0.55	0.53	0.91	0.12	0.07	0.14	0.64	0.92	0.72	0.45
0.64	0.07	0.73	0.0	0.98	0.92	0.89	0.38	0.69	0.26	0.73	0.89	0.67	0.66	0.37	0.91	0.6	0.34	0.75	0.08	0.14	0.69	0.79	0.11	0.58	0.73	0.85	0.87	0.14	0.88	0.99	0.58	0.98	0.65	0.33	0.54	0.49	0.15	0.56	0.68
0.37	0.55	0.66	0.71	0.46	0.43	0.02	0.46	0.67	0.18	0.72	0.98	0.07	0.51	0.68	0.85	0.58	0.6	0.15	0.83	0.96	0.42	0.75	0.2	0.54	0.69	0.25	0.9	0.17	0.21	1.0	0.03	0.92	0.21	0.53	0.72	0.93	0.5	0.79	0.17
0.83	0.77	0.66	0.35	0.47	0.25	0.53	0.7	0.88	0.02	0.51	0.53	0.85	0.18	0.67	0.29	0.21	0.41	0.69	0.99	0.77	0.28	0.39	0.32	0.34	0.76	0.83	0.28	0.96	0.85	0.91	0.0	0.52	0.54	0.66	0.76	0.48	0.46	0.22	0.18
0.01	0.27	0.28	0.17	0.67	0.47	0.19	0.61	0.9	0.79	0.77	0.74	0.91	0.82	0.56	0.28	0.6	0.7	0.85	0.19	0.92	0.83	0.19	0.3	0.46	0.85	0.53	0.48	0.88	0.24	0.18	0.53	0.19	0.69	0.27	0.13	0.17	0.86	0.86	0.24
0.88	0.77	0.26	0.03	0.49	0.03	0.9	0.85	0.12	0.6	0.37	0.72	0.16	0.94	0.97	0.42	0.77	0.93	0.04	0.83	0.38	0.98	0.84	0.46	0.12	0.02	0.86	0.45	0.88	0.07	0.11	0.39	0.12	0.26	0.23	0.8	0.44	0.42	0.08	0.27
0.37	0.73	0.44	0.26	0.96	0.36	0.94	0.69	0.67	0.0	0.82	0.63	0.79	0.89	0.71	0.07	0.91	0.19	0.85	0.19	0.48	0.97	0.42	0.48	0.33	0.55	0.78	0.37	0.98	0.61	0.11	0.4	0.46	0.1	0.97	0.52	0.17	0.56	0.08	0.12
0.72	0.4	0.01	0.38	0.8	0.17	0.8	0.05	0.31	0.18	0.24	0.77	0.84	0.38	0.58	0.58	0.83	0.48	0.56	0.03	0.82	0.54	0.78	0.37	0.25	0.69	0.09	0.57	0.14	0.71	0.09	0.88	0.19	0.19	0.63	0.17	0.53	0.54	0.91	0.01
0.32	0.66	0.5	0.36	0.16	0.71	0.98	0.46	0.56	0.34	0.23	0.83	0.06	0.71	0.46	0.72	0.99	0.95	0.3	0.54	0.78	0.32	0.81	0.35	0.16	0.51	0.33	0.19	0.46	0.92	0.1	0.25	0.59	0.8	0.05	0.91	0.93	0.96	0.84	0.45
0.2	0.32	0.86	0.74	0.72	0.58	0.85	0.9	0.57	0.59	0.7	0.22	0.87	0.08	0.5	0.86	0.08	0.21	0.96	0.1	0.78	0.13	0.44	0.02	0.03	0.55	0.17	0.13	0.87	0.21	0.78	0.69	0.56	0.28	0.52	0.53	0.53	0.44	0.22	0.71