c	n	which network, [0]:sea; [1]:air; [2]:dummy; [3]:exist_sea; [4]:exist_air;				
c	tail	arc from, i				
c	head	arc to, j				
c	m_p	margin profit per cubic meter transported on arc(i, j) in G[S] & G[A]				
c	fo_c	fixed operating cost on arc (i, j) in G[S] & G[A]				
c	l_c	unit loading and unloading cost on arc(i, j) in G[D]				
c	s_c	nit holding and transporting cost on arc(i, j) in G[D]				
						
n	2					
c	tail	head	l_c	s_c	tij	
a	35	1005	20	0	1	
a	56	1110	20	0	1	
a	73	1183	20	0	1	
a	96	1290	20	0	1	
a	98	1292	20	0	1	
a	102	1310	20	0	1	
a	125	1417	20	0	1	
a	140	1488	20	0	1	
a	167	1599	20	0	1	
a	182	1670	20	0	1	
a	444	962	25	0	0	
a	449	981	25	0	0	
a	456	1016	25	0	0	
a	459	1019	25	0	0	
a	462	1036	25	0	0	
a	467	1055	25	0	0	
a	468	1070	25	0	0	
a	473	1089	25	0	0	
a	477	1107	25	0	0	
a	478	1108	25	0	0	
a	533	1359	25	0	0	
a	537	1377	25	0	0	
a	567	1505	25	0	0	
a	575	1541	25	0	0	
a	617	1737	25	0	0	
a	621	1755	25	0	0	
a	882	900	0	0	1	
a	883	901	0	0	1	
a	884	902	0	0	1	
a	884	910	0	10	1	
a	900	918	0	0	1	
a	901	919	0	0	1	
a	902	914	0	10	1	
a	902	920	0	0	1	
a	910	3164	25	0	0	
a	914	22	20	0	1	
a	918	930	0	10	1	
a	918	944	0	10	1	
a	919	937	0	0	1	
a	920	946	0	10	1	
a	930	948	0	3	1	
a	937	962	0	10	1	
a	937	955	0	0	1	
a	944	962	0	2	1	
a	946	442	25	0	0	
a	946	964	0	2	1	
a	948	966	0	3	1	
a	955	973	0	0	1	
a	961	979	0	0	0	
a	962	444	25	0	0	
a	962	979	0	10	1	
a	964	982	0	2	1	
a	966	984	0	3	1	
a	970	985	0	10	1	
a	970	988	0	0	1	
a	970	999	0	10	1	
a	971	987	0	10	1	
a	971	989	0	0	1	
a	973	991	0	0	1	
a	979	997	0	0	0	
a	980	997	0	10	1	
a	981	995	0	10	1	
a	982	450	25	0	0	
a	984	1002	0	3	1	
a	985	2767	20	0	1	
a	987	39	20	0	1	
a	988	1006	0	0	1	
a	989	1007	0	0	1	
a	991	1016	0	10	1	
a	995	1013	0	0	0	
a	997	1015	0	0	0	
a	999	453	25	0	0	
a	1002	1020	0	3	1	
a	1005	1037	0	3	1	
a	1006	1021	0	10	1	
a	1006	1035	0	10	1	
a	1007	1023	0	10	1	
a	1007	1037	0	10	1	
a	1013	1031	0	0	0	
a	1015	1033	0	0	0	
a	1016	456	25	0	0	
a	1016	1033	0	10	1	
a	1019	1032	0	10	1	
a	1020	1038	0	3	1	
a	1021	1039	0	3	1	
a	1023	1041	0	3	1	
a	1031	1049	0	0	0	
a	1032	1050	0	0	0	
a	1033	1051	0	0	0	
a	1035	1053	0	2	1	
a	1036	1047	0	10	1	
a	1037	463	25	0	0	
a	1037	1055	0	2	1	
a	1038	1056	0	3	1	
a	1039	1057	0	3	1	
a	1041	1059	0	3	1	
a	1047	1065	0	0	0	
a	1049	1067	0	0	0	
a	1050	1068	0	0	0	
a	1051	1069	0	0	0	
a	1053	1071	0	2	1	
a	1055	1068	0	10	1	
a	1055	1073	0	2	1	
a	1056	1074	0	3	1	
a	1057	1075	0	3	1	
a	1059	1077	0	3	1	
a	1065	1083	0	0	0	
a	1067	1085	0	0	0	
a	1068	1086	0	0	0	
a	1069	1087	0	0	0	
a	1070	1087	0	10	1	
a	1071	1089	0	2	1	
a	1073	471	25	0	0	
a	1073	1091	0	2	1	
a	1074	1092	0	3	1	
a	1075	1093	0	3	1	
a	1077	1095	0	3	1	
a	1083	1101	0	0	0	
a	1085	1103	0	0	0	
a	1086	1104	0	0	0	
a	1087	1105	0	0	0	
a	1089	473	25	0	0	
a	1089	1102	0	10	1	
a	1089	1107	0	2	1	
a	1091	3205	25	0	0	
a	1092	60	20	0	1	
a	1093	1111	0	3	1	
a	1095	1113	0	3	1	
a	1101	1119	0	0	0	
a	1102	1120	0	0	0	
a	1103	1121	0	0	0	
a	1104	1122	0	0	0	
a	1105	1123	0	0	0	
a	1107	1120	0	10	1	
a	1107	1125	0	2	1	
a	1108	1119	0	10	1	
a	1110	1141	0	10	1	
a	1111	1129	0	3	1	
a	1113	1131	0	3	1	
a	1119	1137	0	0	0	
a	1120	1138	0	0	0	
a	1121	1139	0	0	0	
a	1122	1140	0	0	0	
a	1123	1141	0	0	0	
a	1125	1138	0	10	1	
a	1125	3211	25	0	0	
a	1129	1147	0	3	1	
a	1131	1149	0	3	1	
a	1137	1155	0	0	0	
a	1138	1156	0	0	0	
a	1139	1157	0	0	0	
a	1140	1158	0	0	0	
a	1141	1159	0	0	0	
a	1147	1165	0	3	1	
a	1149	1167	0	3	1	
a	1155	1173	0	0	0	
a	1156	1174	0	0	0	
a	1157	1175	0	0	0	
a	1158	1176	0	0	0	
a	1159	1177	0	0	0	
a	1162	1173	0	10	1	
a	1165	77	20	0	1	
a	1167	2809	20	0	1	
a	1173	1191	0	0	0	
a	1174	1192	0	0	0	
a	1175	1193	0	0	0	
a	1176	1194	0	0	0	
a	1177	1195	0	0	0	
a	1183	1210	0	10	1	
a	1191	1209	0	0	0	
a	1192	1210	0	0	0	
a	1193	1211	0	0	0	
a	1194	1212	0	0	0	
a	1195	1213	0	0	0	
a	1209	1227	0	0	0	
a	1210	1228	0	0	0	
a	1211	1229	0	0	0	
a	1212	1230	0	0	0	
a	1213	1231	0	0	0	
a	1227	1245	0	0	0	
a	1228	1246	0	0	0	
a	1229	1247	0	0	0	
a	1230	1248	0	0	0	
a	1231	1249	0	0	0	
a	1237	1255	0	3	1	
a	1245	1263	0	0	0	
a	1246	1264	0	0	0	
a	1247	1265	0	0	0	
a	1248	1266	0	0	0	
a	1249	1267	0	0	0	
a	1255	1273	0	3	1	
a	1256	1281	0	10	1	
a	1256	1288	0	3	1	
a	1260	1272	0	10	1	
a	1260	1278	0	0	1	
a	1261	1272	0	10	1	
a	1261	1279	0	0	1	
a	1262	1280	0	0	1	
a	1263	1281	0	0	0	
a	1264	1282	0	0	0	
a	1265	1283	0	0	0	
a	1266	1284	0	0	0	
a	1267	1285	0	0	0	
a	1272	100	20	0	1	
a	1278	1296	0	0	1	
a	1279	1297	0	0	1	
a	1280	1292	0	10	1	
a	1281	1299	0	0	0	
a	1282	1300	0	0	0	
a	1283	1301	0	0	0	
a	1284	1302	0	0	0	
a	1285	1303	0	0	0	
a	1288	1306	0	2	1	
a	1288	3248	25	0	0	
a	1290	1322	0	3	1	
a	1292	106	20	0	1	
a	1292	1324	0	3	1	
a	1296	1308	0	10	1	
a	1297	1315	0	0	1	
a	1299	1317	0	0	0	
a	1300	1318	0	0	0	
a	1301	1319	0	0	0	
a	1302	1320	0	0	0	
a	1306	1324	0	2	1	
a	1308	1326	0	3	1	
a	1310	1335	0	10	1	
a	1315	1333	0	0	1	
a	1317	1335	0	0	0	
a	1318	1336	0	0	0	
a	1319	1337	0	0	0	
a	1322	1340	0	2	1	
a	1324	526	25	0	0	
a	1324	1342	0	2	1	
a	1326	1344	0	3	1	
a	1333	1351	0	0	1	
a	1336	1354	0	0	0	
a	1337	1355	0	0	0	
a	1340	528	25	0	0	
a	1341	1354	0	10	1	
a	1342	1360	0	2	1	
a	1344	1362	0	3	1	
a	1348	1366	0	0	1	
a	1349	1367	0	0	1	
a	1351	1369	0	0	1	
a	1354	1372	0	0	0	
a	1355	1373	0	0	0	
a	1359	1372	0	10	1	
a	1359	1373	0	10	1	
a	1360	534	25	0	0	
a	1362	1380	0	3	1	
a	1366	1384	0	0	1	
a	1367	1385	0	0	1	
a	1369	1380	0	10	1	
a	1372	1390	0	0	0	
a	1373	1391	0	0	0	
a	1377	1390	0	10	1	
a	1377	1391	0	10	1	
a	1380	1398	0	3	1	
a	1384	1399	0	10	1	
a	1385	1401	0	10	1	
a	1390	1408	0	0	0	
a	1391	1409	0	0	0	
a	1398	1416	0	3	1	
a	1399	129	20	0	1	
a	1399	1417	0	3	1	
a	1401	1419	0	3	1	
a	1408	1426	0	0	0	
a	1416	2862	20	0	1	
a	1417	1435	0	3	1	
a	1417	1444	0	10	1	
a	1417	1445	0	10	1	
a	1417	1449	0	3	1	
a	1419	1437	0	3	1	
a	1426	1444	0	0	0	
a	1435	1453	0	3	1	
a	1437	1455	0	3	1	
a	1444	1462	0	0	0	
a	1445	1463	0	0	0	
a	1449	1467	0	2	1	
a	1453	1471	0	3	1	
a	1455	1473	0	3	1	
a	1462	1480	0	0	0	
a	1463	1481	0	0	0	
a	1467	557	25	0	0	
a	1467	1485	0	2	1	
a	1471	1489	0	3	1	
a	1473	1491	0	3	1	
a	1480	1498	0	0	0	
a	1481	1499	0	0	0	
a	1485	561	25	0	0	
a	1488	1519	0	10	1	
a	1489	1507	0	3	1	
a	1491	1509	0	3	1	
a	1498	1516	0	0	0	
a	1499	1517	0	0	0	
a	1505	1518	0	10	1	
a	1507	1525	0	3	1	
a	1509	1527	0	3	1	
a	1516	1534	0	0	0	
a	1517	1535	0	0	0	
a	1518	1536	0	0	0	
a	1519	1537	0	0	0	
a	1525	157	20	0	1	
a	1527	1545	0	3	1	
a	1534	1552	0	0	0	
a	1535	1553	0	0	0	
a	1536	1554	0	0	0	
a	1537	1555	0	0	0	
a	1541	1554	0	10	1	
a	1545	1563	0	3	1	
a	1552	1570	0	0	0	
a	1553	1571	0	0	0	
a	1554	1572	0	0	0	
a	1555	1573	0	0	0	
a	1563	1581	0	3	1	
a	1570	1588	0	0	0	
a	1571	1589	0	0	0	
a	1572	1590	0	0	0	
a	1573	1591	0	0	0	
a	1581	171	20	0	1	
a	1588	1606	0	0	0	
a	1589	1607	0	0	0	
a	1590	1608	0	0	0	
a	1591	1609	0	0	0	
a	1599	1626	0	10	1	
a	1606	1624	0	0	0	
a	1607	1625	0	0	0	
a	1608	1626	0	0	0	
a	1609	1627	0	0	0	
a	1624	1642	0	0	0	
a	1625	1643	0	0	0	
a	1626	1644	0	0	0	
a	1627	1645	0	0	0	
a	1634	1666	0	3	1	
a	1642	1660	0	0	0	
a	1643	1661	0	0	0	
a	1644	1662	0	0	0	
a	1645	1663	0	0	0	
a	1660	1678	0	0	0	
a	1661	1679	0	0	0	
a	1662	1680	0	0	0	
a	1663	1681	0	0	0	
a	1666	3332	25	0	0	
a	1670	1695	0	10	1	
a	1670	1702	0	3	1	
a	1678	1696	0	0	0	
a	1679	1697	0	0	0	
a	1680	1698	0	0	0	
a	1685	1698	0	10	1	
a	1695	1713	0	0	0	
a	1696	1714	0	0	0	
a	1697	1715	0	0	0	
a	1702	610	25	0	0	
a	1702	1720	0	2	1	
a	1714	1732	0	0	0	
a	1715	1733	0	0	0	
a	1720	1738	0	2	1	
a	1732	1750	0	0	0	
a	1733	1751	0	0	0	
a	1737	1750	0	10	1	
a	1738	618	25	0	0	
a	1750	1768	0	0	0	
a	1751	1769	0	0	0	
a	1755	1768	0	10	1	
a	1759	1786	0	10	1	
a	1759	1787	0	10	1	
a	1768	1786	0	0	0	
a	1769	1787	0	0	0	
a	1786	1804	0	0	0	
a	1804	1822	0	0	0	
a	1822	1840	0	0	0	
a	1840	1858	0	0	0	
a	1858	1876	0	0	0	
a	1876	1894	0	0	0	
a	1894	1912	0	0	0	
a	1912	1930	0	0	0	
a	1930	1948	0	0	0	
a	1948	1966	0	0	0	
a	1966	1984	0	0	0	
a	1984	2002	0	0	0	
a	2002	2020	0	0	0	
a	2020	2038	0	0	0	
a	2038	2056	0	0	0	
a	2056	2074	0	0	0	
a	2074	2092	0	0	0	
a	2092	2110	0	0	0	
a	2110	2128	0	0	0	
a	2128	2146	0	0	0	
a	2146	2164	0	0	0	
a	2820	1256	20	0	1	
a	2904	1634	20	0	1	
a	2931	1759	20	0	1	
a	3178	980	25	0	0	
a	3211	1125	25	0	0	
a	3220	1162	25	0	0	
a	3259	1341	25	0	0	
a	3337	1685	25	0	0	
t	397					
