
c	no	q	p	r
k	0	0	0	-1.31034	-0.805191	0.443842	-1.17878	-0.0845522	-1.16504	-0.863127	0.0485604	0.417941	0.189834	0.563178	1.61327	1.07846	-0.592291	-0.458041	0.725943	0.34174	-1.07928	0.448772	0.53498	
k	0	0	1	-0.0119672	1.62918	-2.35855	1.83554	-0.90043	0.0300662	-2.40752	-0.811991	-0.819591	-0.274245	0.999254	-0.680222	-0.525544	0.420687	1.21029	0.377901	-2.84161	0.560659	-0.736684	0.0748721	
k	0	0	2	-0.322526	-0.637104	-0.278569	0.237408	-0.979168	1.09922	-1.1735	1.34923	-0.992167	0.00485986	-0.41278	-0.511723	-0.751691	0.0892584	-0.549924	0.134737	-2.01518	0.547089	1.46082	-1.45961	
k	0	0	3	0.0910763	1.39815	-0.611217	-0.611229	0.0527153	-1.34304	-0.912864	-1.10032	0.498229	-2.17927	-0.588098	-1.06059	1.77909	-0.539451	-0.0601646	1.30146	0.0920145	0.257908	0.6376	-0.828509	
k	0	0	4	0.878141	-2.36349	0.444303	-0.154577	0.251633	1.7114	0.451972	0.295582	-0.124265	-0.571051	0.0439959	-0.896915	1.15722	0.0620057	-0.419852	-0.621121	0.731347	-1.70559	-0.0374913	-0.271262	
k	0	0	5	0.457517	0.738952	0.618557	-0.956326	-0.636257	0.380102	-0.81048	-0.759111	-0.532114	-1.4654	0.47027	1.39207	-0.834712	-0.425805	-1.34668	0.728308	1.89044	0.774645	-0.440544	-0.639871	
k	0	0	6	-0.322784	-1.09908	0.281323	0.60091	-0.936993	0.975216	-0.0204229	-1.02016	1.6084	0.132103	0.505431	-0.479116	0.223804	0.819215	-0.342089	-0.266568	-0.956907	-0.507127	0.937103	-1.045	
k	0	0	7	0.773263	0.605766	-0.167069	-0.102074	-0.884651	0.153035	1.01246	0.122656	-1.19265	-0.224888	-0.62595	0.56665	-0.54879	-1.51444	-0.135657	0.559348	-2.10451	1.26657	-0.607224	0.390525	
k	0	0	8	-0.473213	-0.444076	-0.172551	0.152729	0.0314341	0.367751	0.0399639	-0.441283	0.769724	0.590962	0.738651	-0.873027	-0.269981	-1.94481	1.73016	-0.414485	-1.73645	-1.0089	-1.56173	-0.87981	
k	0	0	9	-0.896036	0.865422	-0.897137	-0.0146425	0.597719	0.430372	0.14128	-0.603961	-0.382757	0.669454	1.37354	1.22433	0.227173	1.59106	0.487678	0.46534	-0.21199	0.718392	-0.293381	-1.12347	
k	0	0	10	0.778467	0.701192	1.94451	-1.64125	-1.29569	0.858823	0.637853	0.104464	0.381206	-1.71591	-0.025727	-1.21713	0.365247	-0.499267	0.0481111	0.0108843	-2.48467	1.28884	0.428055	-0.796384	
k	0	0	11	0.370558	-1.22979	1.29792	-2.59825	0.75447	-0.508939	0.949681	0.587512	0.682943	-1.01766	-0.0915901	-0.27783	1.49589	-0.750224	0.122376	-0.355275	0.642101	0.384644	1.2243	0.642692	
k	0	0	12	0.0762695	-0.371258	-1.39057	2.14523	0.812699	-1.49738	0.246266	-0.823034	-1.44353	2.99349	0.219036	2.12927	-0.693053	0.942581	-0.368384	0.621338	0.0847979	-0.994644	-0.267835	-0.609073	
k	0	0	13	-1.29097	0.0818019	-0.0749057	-1.46407	0.964792	-1.41819	-2.05058	0.725923	0.0243962	0.363532	1.81163	-0.0599158	1.07	-0.30134	0.630341	0.942244	0.0172717	1.89808	1.12943	-1.38994	
k	0	0	14	-1.20763	0.0581609	1.60023	0.307895	1.20171	-0.101614	1.45157	0.267507	1.36688	-0.0338576	-0.984094	-0.279973	-0.937029	0.787128	-0.520999	-1.09306	-1.86685	-0.287586	-0.507106	-0.795177	
k	0	0	15	-0.512146	-1.16958	-0.143362	0.296258	1.37943	-1.16494	0.724153	-1.43338	0.317855	-0.276991	-0.261015	-0.135228	-1.39922	0.394237	0.0751495	-0.382016	0.00368329	-2.31497	-1.65954	-0.436514	
k	0	0	16	1.54059	2.47109	-0.395045	0.525328	1.43305	-1.07624	0.33886	-0.282693	0.329739	-0.0226887	0.225296	0.423985	0.431357	0.979107	0.300314	0.802566	1.00416	-1.61718	1.00506	1.98536	
k	0	0	17	-0.184979	-0.308892	-1.87199	-0.3518	-0.608886	-0.93306	-0.86056	0.220397	-0.214555	1.94021	0.9395	-0.112529	-0.4908	-0.575602	0.117732	1.2626	-2.26369	0.537505	0.0164089	-1.79986	
k	0	0	18	1.07311	1.10243	-0.63495	0.00831954	-2.07643	0.451665	-0.411973	0.988138	0.636839	0.732776	-2.06443	0.6688	-0.858126	-0.310399	0.120114	-0.039063	1.30099	-0.182488	2.1198	2.15818	
k	0	0	19	-1.7582	-0.519581	-0.815281	1.47913	-0.669016	-0.00301877	1.98816	1.75661	-1.02778	0.774379	0.0728877	0.261308	0.516734	-0.725327	2.68978	1.60272	1.07063	-0.241363	0.911704	-0.318374	
k	0	0	20	1.81121	-0.185749	0.359247	0.583905	-0.161874	-0.607835	-0.142124	-0.947799	-0.361315	-1.36539	-2.53914	0.358088	-0.765654	1.00865	1.58624	-0.313281	2.16528	-0.854808	-2.96644	1.49501	
k	0	0	21	1.18515	0.166026	1.63298	0.82258	-0.395737	1.46659	-0.749423	0.371898	-0.413266	-0.186976	0.520466	0.241775	-1.75087	-1.01568	0.976846	-0.259791	1.1742	-0.426802	-0.73041	0.977963	
k	0	0	22	1.89364	0.598927	1.03143	0.686308	0.848482	-0.549838	-1.24744	0.678399	-0.304751	-0.124767	2.2197	-0.762899	-1.4561	0.43381	0.805427	1.01304	-0.469931	0.607628	-1.39843	-0.819072	
k	0	0	23	-2.05816	-0.838428	0.688034	0.443414	-1.79677	1.67069	-1.63801	-0.637219	-1.49507	-2.37108	-0.407453	0.786985	-0.549929	0.713747	1.96721	0.104047	1.01437	1.6884	0.896165	-0.646387	
k	0	0	24	-0.892771	-1.25796	-0.997963	1.05631	-0.0787519	0.182562	1.14721	0.228059	0.288994	-1.08345	2.29503	-1.08709	-1.25007	-1.40345	-0.338261	-0.312815	-0.321528	-0.157234	1.34634	1.64567	
k	0	0	25	1.13257	0.650772	1.14593	1.04641	2.41909	1.54991	0.557539	-0.0214711	2.04389	0.240251	-0.498435	2.54136	0.995892	0.391203	-1.73831	-0.219995	0.522309	0.734497	0.823472	0.496716	
k	0	0	26	-0.509761	0.248339	0.124661	-0.957708	-0.156349	0.593867	0.437118	0.384331	1.36641	2.33918	0.131707	-1.12521	-0.417406	-0.103515	1.64699	0.67198	-0.127571	0.037693	-1.03386	-0.353659	
k	0	0	27	-1.60008	0.660025	0.447202	-0.513394	2.24604	-1.22255	-0.235101	-0.805205	0.230104	-1.77743	1.17824	1.54984	0.843886	1.59069	0.249042	-0.583077	0.584994	0.308443	1.10516	0.479684	
k	0	0	28	-1.03879	1.08507	-0.634972	-1.00867	-0.227514	0.137729	-1.17143	0.194585	-0.554373	1.58831	0.452072	-0.58619	-1.28626	-0.637473	1.89252	0.938589	-1.37933	-0.640294	1.07914	-0.158871	
k	0	0	29	-0.801098	-0.414562	-0.154233	0.919874	2.0024	1.10705	-0.0044941	0.84131	0.0259902	1.17236	0.950253	0.44065	-1.05834	1.77611	-0.173903	0.559847	0.793011	0.642413	0.904586	-1.13822	
k	0	0	30	-1.44497	0.543633	0.880899	1.63827	-0.262777	0.312602	0.0964105	-0.824454	0.514978	0.620977	2.01645	-1.4954	-1.17038	0.965339	-0.422085	1.26181	1.73198	0.264386	1.78056	-0.0016351	
k	0	0	31	-1.53992	-1.88789	-1.76586	0.0306305	-0.446827	-0.0789504	-0.22448	-2.00928	-2.04962	0.446781	-0.234139	-0.544285	-0.906085	-0.275753	0.122537	0.211904	-0.0163432	-1.08328	-1.17573	-0.564863	
k	0	0	32	-0.399378	-0.521665	-2.01533	1.79537	-0.802196	-0.751387	-0.88264	-0.429055	-2.13947	0.28345	1.33268	-1.33034	-1.02937	-1.51765	0.189551	-1.12655	0.66752	-1.28799	-2.01924	-1.25295	
k	0	0	33	0.688932	1.12141	-0.187356	0.874519	-0.177353	0.0896856	0.702411	0.254246	0.876994	0.201487	-0.391605	-1.90369	0.711706	1.06985	0.931338	-1.89849	-1.97292	1.66923	0.620939	-0.885164	
k	0	0	34	0.151711	0.33778	-0.350404	-0.565542	-0.545561	-0.150114	0.0741245	-0.425576	-1.44856	0.255967	0.0462259	0.692093	0.374904	-2.03438	-0.10161	0.495493	-0.466428	0.91574	-1.33545	1.63842	
k	0	0	35	-0.715928	1.15505	0.598564	-0.366965	1.15718	0.793352	-0.0360736	1.77412	1.40411	0.758239	-1.24549	1.09551	1.24127	0.982433	-0.0986206	-0.747912	0.239442	-0.387282	-0.0971747	-0.996715	
k	1	0	0	0.245669	-1.39173	-0.582884	0.869218	-0.19089	1.01951	1.68865	0.442281	-1.91037	-2.0313	-2.51251	1.65115	-1.73163	0.150066	-0.340919	-1.6005	-0.131929	0.129667	0.835434	1.93333	
k	1	0	1	1.84143	1.64081	1.64532	0.190093	-0.321206	-0.358104	-2.16383	-1.10478	0.328421	1.06626	0.442196	-1.16356	1.02157	0.266672	-0.0493591	0.512033	0.212171	0.106399	0.0916063	-0.0311158	
k	1	0	2	-1.66398	0.420952	1.26552	1.46453	-1.03471	-0.291455	-0.346847	0.0651894	0.689122	0.627811	-0.857074	-0.623921	-0.146247	-0.959664	2.00542	1.46475	0.706732	0.193959	-0.903881	-0.763335	
k	1	0	3	-2.38353	-0.946652	0.704966	-1.5644	-0.599348	0.311844	0.091795	-0.180144	-0.879653	0.142341	-1.08696	-0.411745	0.898578	2.10284	-0.770746	-0.214234	0.577626	-0.591972	-0.62139	-0.338106	
k	1	0	4	0.0732481	0.721392	-0.825678	0.442182	-0.173696	0.654252	0.937356	-0.220337	-0.524884	0.534947	1.76793	0.904643	-0.244031	-2.00289	-0.246592	0.445607	-0.103477	-0.121002	-0.491827	-1.54614	
k	1	0	5	-0.774505	-0.479471	0.441769	-1.69319	-0.291999	-0.4172	-1.46606	-0.178879	-0.387774	1.39373	-0.0281468	-0.970918	0.453579	-1.76887	-1.08767	-0.323226	0.771289	1.31476	-0.175893	0.310816	
k	1	0	6	0.801216	0.421339	-0.118525	-0.274138	0.281943	-0.220634	0.93564	0.104548	0.559612	-0.36119	0.885479	-1.47819	0.346667	0.431823	-0.414308	0.650175	-0.0377983	-0.612385	-2.17034	0.875308	
k	1	0	7	-0.367627	-0.715355	0.947904	-0.467283	-2.18267	1.42843	-0.727932	-1.43241	1.02976	0.0411339	0.0744661	0.490467	-0.254102	-2.1009	-0.351765	0.655782	0.365515	-0.489444	0.866071	0.206956	
k	1	0	8	0.649797	-0.913239	-0.639697	-0.363978	0.312303	1.16415	1.85547	-0.350729	1.39382	1.50074	-1.01676	0.53676	0.146461	-0.843976	-2.07629	0.294516	1.49299	0.0229838	-0.0830433	-0.850626	
k	1	0	9	0.0261598	-1.2069	-0.925826	-0.516937	-1.46267	-0.292893	-0.721286	-1.01843	2.32569	-0.920209	0.196543	-0.0362099	-2.13635	-0.0785963	-0.0888611	0.0917063	2.58244	-0.673284	-0.00164043	0.308502	
k	1	0	10	-1.27905	0.25185	0.563516	-2.41322	-1.06057	-0.147221	0.796733	0.0852203	0.393895	0.736505	1.24323	-0.964828	0.691762	-0.551586	-0.0852792	0.125303	0.310976	-0.642809	-0.861896	-2.54147	
k	1	0	11	-0.634887	0.0414102	-0.299927	-1.31884	0.12368	0.384736	1.07081	-0.31117	-1.51191	1.76031	-0.915701	0.0433844	-0.0484102	1.27226	1.23909	1.35574	-0.655115	-2.7911	0.313024	0.639608	
k	1	0	12	0.653609	0.591803	-3.17733	1.1594	1.05557	0.839134	-0.616111	-1.88048	2.2004	-0.593023	0.47525	-0.40917	-1.06416	-0.0464433	-0.292134	0.993746	-2.52345	-0.0244758	0.949388	-0.0886446	
k	1	0	13	0.335423	0.986984	0.639286	0.468535	-0.690913	-0.298044	0.110131	-0.705906	0.954806	-0.902459	-0.232839	0.25591	-1.62392	-0.0922308	1.90088	0.334872	0.238883	1.42902	-1.54994	-0.284179	
k	1	0	14	0.328879	-0.301801	-1.73669	-2.32128	0.854514	-0.262162	-1.50945	0.304431	-0.398111	-0.702643	0.0076545	-0.0649506	0.742571	0.744425	-0.48496	1.33169	-1.00984	-0.291081	-0.0764483	-0.273183	
k	1	0	15	0.0168058	0.409558	0.730381	0.502061	-0.723215	1.57813	-0.783354	-0.092123	-0.135594	0.853471	0.143203	-0.960012	-0.066095	0.236761	0.674392	0.0227874	-0.437328	-0.409523	1.5172	0.943371	
k	1	0	16	-1.08475	0.978999	0.474827	0.774671	0.347113	0.772501	-0.46847	-0.0669282	-0.676042	0.322549	-0.926008	0.114868	-0.824368	0.96146	0.173442	-1.83588	-0.923509	-2.32996	-0.792219	0.287961	
k	1	0	17	-2.17658	0.586684	0.744032	0.362517	0.156946	-0.690436	1.51335	-1.16689	-0.68658	0.818843	1.17269	0.656849	0.00625558	-0.029192	-0.693404	0.916946	0.527477	-0.758299	0.864612	0.590439	
k	1	0	18	0.951116	2.85808	-0.701644	0.959986	0.735144	0.391295	0.567393	0.143757	0.863043	0.920931	2.80948	0.274116	0.733063	1.48538	-0.42996	-0.33152	0.327646	-0.999736	0.284642	0.172928	
k	1	0	19	-1.9491	-0.0765483	-0.257481	-0.24021	-0.153268	0.351718	-0.00401367	0.0846637	-0.609265	1.75576	0.483765	0.61443	0.492377	0.773824	-2.47641	1.5865	1.33264	0.580468	2.08411	0.938718	
k	1	0	20	-0.0295789	-0.925585	0.834035	0.568697	-1.61957	-0.266117	-0.385933	-0.342178	-0.690341	-1.18304	0.00670662	0.408618	-0.124633	0.311845	1.37921	1.12508	-0.350665	0.652896	0.176565	-1.01266	
k	1	0	21	-0.88826	-0.661483	1.84861	0.459171	-0.419634	0.260238	-0.543163	-0.637473	-1.57522	-1.63045	-0.00886592	-1.49979	3.31	0.0188255	1.66524	-0.380304	-1.25616	1.11661	1.07193	-1.14149	
k	1	0	22	0.0709905	0.972888	-0.718785	-0.406457	-0.706616	-1.25201	0.626206	-0.323696	0.747352	-0.942445	-0.738405	-1.74755	-0.456375	-0.711451	0.840395	-1.85227	-0.0164828	1.09158	-1.2991	-0.845853	
k	1	0	23	0.460389	-0.313338	-0.548325	-0.539894	0.43679	0.176799	0.873811	-0.977667	-1.81929	1.56301	-1.30986	0.198639	2.12853	-1.97146	-0.616624	0.432763	1.25286	0.464049	0.458735	-0.656619	
k	1	0	24	3.22437	0.331967	0.852261	-0.296685	-0.434255	1.11607	-0.559973	-0.499024	-1.94833	-1.7075	0.637289	0.708456	0.998278	-0.986755	-1.09957	-0.412539	0.622898	-1.0036	-0.829698	0.238058	
k	1	0	25	-0.399573	-1.36726	0.508666	-0.0568185	-0.511847	1.12548	0.802212	0.876544	0.742034	0.787032	-0.295023	0.0435606	0.537411	1.83164	1.19572	0.195244	-0.43197	0.0705982	0.216518	1.83909	
k	1	0	26	-0.693374	0.688816	1.00261	-1.11842	2.4193	-0.651314	-0.260697	0.689	1.26647	-0.490962	-1.68995	2.14594	0.350801	0.239318	-0.100149	0.848068	-1.42408	-0.105726	-0.686339	-0.256082	
k	1	0	27	0.570521	1.13815	0.126397	1.00238	-0.241402	-0.575853	-0.442993	0.979838	-1.11354	0.436832	2.0294	1.58044	0.550945	0.882499	-0.735335	0.566891	-0.0550429	-0.723909	1.76415	-2.03458	
k	1	0	28	-0.280853	-0.764609	0.271823	-2.50474	0.267783	-0.980169	-0.695427	-0.903411	-0.365069	1.16706	-0.15848	-0.892879	0.251115	-1.15035	0.532864	-0.20861	-0.947551	0.157004	0.216759	-0.245618	
k	1	0	29	-1.32246	-1.39931	-0.622295	0.309866	0.732587	-0.539631	1.56619	-1.01521	-0.438989	-0.0520394	0.216287	1.36343	0.986035	-0.277556	0.0948453	0.417803	-2.90721	-0.624638	-1.9606	-0.494742	
k	1	0	30	-0.322296	0.0505733	0.511068	0.826843	1.08095	0.597874	-0.594631	0.550419	2.30355	-1.26944	-0.328991	-0.470186	0.467482	0.313688	-0.0740896	0.570479	-0.367688	0.536935	0.25872	1.13108	
k	1	0	31	-0.0529289	0.912527	0.826941	0.0309218	-1.68506	-0.489358	0.215961	0.859174	0.445482	0.320723	-0.420346	-1.47416	-1.25241	0.108528	-1.22446	1.32673	0.771847	0.338084	1.045	0.305805	
k	1	0	32	-0.448514	2.09169	0.126647	-2.02117	-0.487775	0.447588	0.570369	0.604561	-1.26367	-0.939799	-0.00154047	0.597525	-0.625945	0.911651	-1.49716	1.23844	0.945451	-0.817383	0.722664	-0.906291	
k	1	0	33	0.19302	-0.0273509	0.48223	1.40152	0.05096	-1.89805	0.543989	1.71871	0.891014	-1.2298	0.0447555	-3.01562	1.30024	-0.205619	2.15015	-0.487198	-1.71978	0.843752	1.26836	-0.0732138	
k	1	0	34	-0.336034	-0.913163	-0.24329	-1.86323	-0.769866	1.19065	1.35008	0.13004	-2.40719	1.23344	0.302174	0.956386	-1.57387	0.752341	1.6454	1.13411	0.613068	-0.0101815	0.573991	0.931166	
k	1	0	35	-0.357042	1.91664	-0.218155	0.582409	0.73129	0.239035	0.91765	0.731857	-0.12809	0.145632	0.371794	1.32251	-0.0146177	-1.64747	0.422543	0.176372	-0.925359	-0.0859605	1.14283	-0.345628	
k	2	0	0	0.622745	-0.43227	1.15973	-1.01636	-0.553242	0.44453	-0.0817493	-0.992894	0.454139	0.228007	0.640921	0.235351	-0.0299896	-0.0128613	-0.893495	0.145019	-0.752262	0.510104	-0.216352	0.52232	
k	2	0	1	1.8344	-2.83598	-1.93179	-1.08186	0.45586	0.24189	0.383963	2.07898	0.371241	1.74983	0.777726	0.293545	2.35342	-0.866949	0.922082	0.18931	-0.0556221	-1.62998	-0.820229	0.523732	
k	2	0	2	-0.285437	0.594479	2.02521	0.919461	0.85263	1.01801	-2.86033	1.34169	1.26812	0.0429524	1.99362	-1.3642	-1.10427	-0.640693	-0.626883	-0.550949	-0.604021	1.17666	-1.1481	-1.02438	
k	2	0	3	0.462684	1.03863	0.90429	1.46798	-0.387838	-0.874265	0.273276	-0.596611	-1.2563	-0.768562	1.44657	-1.62177	-1.1894	0.246591	3.13894	-1.32263	-0.831224	0.445107	0.246793	-0.999054	
k	2	0	4	0.66994	-1.50516	0.728425	-0.180988	0.06949	0.588953	-0.342275	-0.541712	1.26535	-0.364501	0.833165	1.50683	0.118253	-0.915353	-1.81259	-2.04127	-0.0713962	2.67158	-0.996252	-1.51668	
k	2	0	5	0.0520562	-0.333909	0.769979	-0.389617	-1.33303	-0.714084	0.518406	-0.683433	0.514879	-1.5243	-0.110648	1.98738	0.165462	1.09527	-0.893115	0.197911	0.0988418	1.78831	1.44318	-0.0987372	
k	2	0	6	1.12706	-0.627729	-1.66602	-2.72297	-0.906337	2.10933	0.0353227	1.47788	0.319002	0.88583	0.875213	0.117699	-0.410052	0.92845	-0.322778	-0.022688	0.23702	0.447918	0.294267	1.7516	
k	2	0	7	0.571954	-0.681168	0.762917	-2.28538	0.558277	0.640165	1.85996	-0.09544	-0.389448	0.800519	-0.705656	-1.16417	1.26619	0.153813	-0.426999	-1.40808	-0.746059	-0.0302252	-0.101254	0.646882	
k	2	0	8	-1.98479	0.975546	-0.531132	1.01223	0.0138815	-0.0936752	2.14943	0.51014	-0.946613	-1.04622	-0.237483	-0.217574	0.45808	-0.166547	0.819602	0.690387	-0.597438	-1.46615	0.303299	1.03044	
k	2	0	9	-0.557982	0.540844	0.409957	0.167445	-2.24192	-1.06147	-2.08635	-1.30169	1.30444	0.711522	0.283036	0.423859	0.582862	-1.59188	-0.547877	1.56108	1.22272	-0.0583983	-1.26264	-0.00250966	
k	2	0	10	0.690241	-0.2217	0.568986	1.59683	1.64464	1.13861	0.089204	-0.120152	-0.87005	0.0812847	0.639443	-0.142809	-0.63194	0.610075	1.53282	1.07782	-1.41842	-0.194344	1.47164	0.225624	
k	2	0	11	-0.000339762	2.00492	-0.510418	0.248877	-0.0148161	-0.390979	0.730952	1.52928	0.680805	-1.16581	-1.10098	0.0318045	0.341481	1.09268	0.375196	0.888822	-0.855884	0.260848	0.318902	1.16906	
k	2	0	12	0.440375	0.728463	0.0952299	0.824829	0.779033	-0.38119	-1.2324	0.928889	-0.686562	-0.0344735	-1.57733	-0.203381	0.0983625	-0.457717	-0.163781	0.0570656	0.252976	0.332142	-0.951322	-0.406527	
k	2	0	13	0.286238	-0.130098	-0.789703	0.821982	1.53985	0.515126	-0.160357	-0.498253	0.0219928	-1.86323	0.664546	0.69944	-1.99158	1.56997	2.39648	1.74544	-0.829757	0.964899	-0.462676	0.872457	
k	2	0	14	1.71785	1.87758	0.678117	0.271524	-1.24234	1.62714	0.0681364	1.22078	0.228454	1.00795	-0.648592	0.784652	-1.38542	0.277307	1.0415	0.794954	1.06317	-1.45619	-0.401852	-3.12938	
k	2	0	15	-0.351947	-0.428777	0.568803	0.73881	-0.9337	-1.67986	0.562552	0.385674	-0.127087	-0.629467	0.227757	-1.14668	1.17267	0.664612	0.433614	-1.01071	-1.5525	1.05645	-0.110794	-0.888595	
k	2	0	16	1.33224	-0.915553	0.213566	0.592306	-0.266828	1.12124	0.995196	-2.3064	1.48915	-0.14973	-0.598225	-2.05275	0.679871	-1.10561	0.593861	-0.119224	-1.34597	-1.53292	0.351145	-0.199792	
k	2	0	17	3.01592	-0.606938	-1.25419	-0.123631	0.142472	1.58456	0.650053	-0.14771	-0.7986	-0.215731	0.259726	-1.0375	0.0263629	-0.300903	-0.104028	-0.367251	0.336615	1.06789	-0.515031	0.0226476	
k	2	0	18	-1.69035	0.302013	0.801157	0.714744	-0.363306	-0.913654	0.200266	-1.42288	0.342572	0.820008	-1.47679	-0.0321691	-0.963486	-0.694163	-0.334438	-0.392062	-1.29373	1.18185	0.924768	0.180811	
k	2	0	19	0.374115	0.611699	-2.04125	-0.672738	0.59291	-0.268108	0.0056509	0.253107	-0.643809	-1.20432	-1.38291	0.351786	0.618767	-0.573508	0.190367	2.04398	1.51588	0.291374	0.512931	-1.39988	
k	2	0	20	0.144311	-1.00116	0.00515566	-0.88918	-0.723577	1.27068	0.447076	-1.78549	-0.261702	-0.223328	0.365698	-0.0275708	-1.53401	-0.286763	-0.759147	-1.39848	-2.23291	-0.371505	-1.38881	-0.0862797	
k	2	0	21	0.939058	-1.22427	-0.429795	0.497374	0.54166	-0.320464	-1.32625	1.22039	1.83129	-0.933587	-1.4179	-0.831666	-1.78335	1.40335	0.995785	1.21213	-0.14602	-0.840203	1.68448	-1.20098	
k	2	0	22	0.474107	-2.81039	0.523011	-2.55344	-0.508927	1.0091	-0.0491595	-0.759156	0.54008	0.207411	-0.00439004	-0.867444	-1.65369	-0.732614	-0.526569	1.6944	0.847279	-0.0736555	1.21733	0.718371	
k	2	0	23	-1.03541	-1.2701	-0.0741159	0.984227	1.70992	2.93152	0.163803	-0.808641	-0.721001	-0.511557	0.161932	0.510619	-1.38597	0.151122	0.882821	-1.89136	-0.277392	0.57493	-0.599179	0.119635	
k	2	0	24	1.71856	0.580867	-1.43072	-1.01239	-0.969621	1.34185	0.00248992	1.93811	-1.55926	-1.50275	0.919472	-0.733707	0.287577	-0.933906	-0.940635	0.937048	1.07641	0.221361	-2.52111	0.338739	
k	2	0	25	-0.925919	-0.0271905	-0.172475	0.258602	0.468971	-1.0216	0.904266	-1.01097	-1.33301	1.14235	0.581091	-0.549622	-2.29775	2.10218	-0.941071	2.13915	-0.618343	1.1177	-2.34954	-0.862292	
k	2	0	26	-0.0487003	-0.873555	-0.00059702	-0.412834	-1.35125	0.338087	-0.617174	-1.37907	-1.11643	-1.01362	-2.06274	-1.01497	0.685101	0.203253	-0.97538	0.537158	1.93947	0.212851	-1.16248	-0.765486	
k	2	0	27	-1.14223	-0.278693	1.08263	-0.375683	0.0504892	-0.59017	-1.32653	2.1061	0.144268	-0.677319	-0.820518	-0.284795	-0.828997	-0.176335	0.413481	0.260563	-1.20499	-1.24444	-0.10342	-0.0744932	
k	2	0	28	-1.68124	-0.681139	0.418106	0.68797	1.41413	-0.98386	0.30476	0.380074	0.15573	0.988587	-0.713416	0.400536	0.0723797	0.093832	1.07189	0.556911	-0.39038	0.572002	0.239298	1.03935	
k	2	0	29	0.666913	0.122247	0.692707	1.06222	1.23319	-0.886376	-0.597682	0.283976	-0.976917	1.24704	1.14892	-0.591744	0.926063	0.179087	-0.953782	-0.0196506	-0.233697	0.454167	-1.16356	-1.54587	
k	2	0	30	-0.598303	0.151268	1.36921	0.736785	-0.539777	-0.00951906	0.561522	-1.35554	-0.103706	-0.63912	0.575154	-0.0345425	2.04031	-0.0277119	-0.344504	1.06126	-2.20668	-0.861775	-0.493658	0.0218176	
k	2	0	31	-0.491604	-0.210775	0.100019	-0.161187	-0.408337	0.0437816	0.0633848	0.666515	-1.70252	0.0656157	-0.12922	-1.52469	0.196695	-1.73592	-0.337223	0.56803	-1.48088	-0.333981	-0.738451	-1.06887	
k	2	0	32	-0.414256	-2.3516	-1.6809	-0.509845	-1.9727	-0.717765	0.0863914	1.06606	-0.925195	-0.138566	-1.07332	-0.546715	-1.15487	0.612988	-1.0026	-0.604359	1.21738	0.375593	-0.0217356	-0.287896	
k	2	0	33	0.909532	0.602464	0.828217	-0.88511	0.863702	-1.34858	0.41458	0.518124	-3.59008	0.260338	1.15191	0.660393	1.1943	2.39417	-0.76506	-0.362047	-0.893787	-2.67371	2.03678	0.703303	
k	2	0	34	-0.42074	-0.0622127	0.490266	0.628732	0.0987229	-1.2583	0.309829	-0.0781617	-1.21398	-1.62586	-0.0740941	0.28595	0.350249	0.578874	0.0352065	0.0685767	0.314109	1.53635	-0.760553	-0.832296	
k	2	0	35	-0.312927	-0.997243	-0.817399	0.0797411	0.714196	2.66219	0.689719	0.382747	1.531	0.758949	1.7605	-0.0554134	0.925184	1.49633	-0.0791263	0.954309	-1.59435	0.0991937	1.25994	-0.824015	
k	3	0	0	1.25476	-0.70404	1.39901	-1.04719	-0.763728	0.446938	0.44309	2.07389	-1.15526	-0.916115	-0.370288	0.0948737	0.557906	-1.99752	-2.97075	-1.53775	-0.0928515	1.40259	0.585552	-0.934208	
k	3	0	1	-0.851258	-0.418069	0.655124	-1.88576	0.303036	-2.35458	-0.138179	0.0827764	2.51905	2.91798	-1.00145	-2.18344	-1.80945	0.0760703	1.21592	0.650349	-0.317689	-0.545875	1.4302	0.12267	
k	3	0	2	0.166787	-0.15069	1.74102	1.13775	0.833108	0.476015	0.255814	-0.861439	0.231535	1.19034	-0.141693	0.125947	0.615	-0.163067	-0.47384	0.0472627	-0.965568	1.00055	-0.320051	1.78361	
k	3	0	3	0.426851	1.5553	0.453348	0.574052	-1.22298	-0.540946	0.879141	0.78159	1.79506	-1.06837	0.36816	-0.369	0.0095945	0.200649	1.12062	0.197415	-0.915906	-0.134468	0.291472	-0.375408	
k	3	0	4	0.645422	0.417224	-0.686893	-0.59252	-0.790908	2.40064	0.684578	0.0594868	-0.588026	-0.425865	-1.0598	-0.266747	-1.00203	-0.188476	1.25064	0.491038	2.28041	0.231565	-1.03665	0.769962	
k	3	0	5	-0.734879	0.581616	-2.02769	-1.63732	-1.26856	0.524965	0.327471	1.3859	-0.937025	1.64508	-0.984834	0.118094	-0.700738	0.901592	0.406597	-0.68137	0.163586	-1.36431	-0.98421	-2.22109	
k	3	0	6	1.85182	-0.329119	0.812218	0.58925	-0.32547	-0.879147	0.341633	0.525055	1.79524	-0.234513	-0.289178	-1.03298	-1.04332	-0.140134	-0.0480492	1.56881	0.455552	-0.70397	-1.30875	-1.30832	
k	3	0	7	-0.371865	-0.346664	0.568639	-0.941168	-0.809567	-0.455493	-0.805072	-1.60434	0.937287	1.76825	-0.0144016	1.05614	2.96216	0.40093	0.312385	-0.249866	0.577902	0.676801	-1.8668	-0.13159	
k	3	0	8	0.843082	0.93278	-1.68608	1.38868	0.175773	0.984164	-0.678882	0.352477	-0.88332	0.244283	-1.72296	0.416493	-1.04225	-1.91494	0.80661	1.36467	0.844132	0.751546	-1.01459	0.614659	
k	3	0	9	0.396825	-0.590019	-0.553948	-2.05906	1.68926	1.20502	-0.405302	0.107081	0.755438	1.03209	0.420934	1.42897	0.143863	-1.16196	0.667806	-1.47098	0.885817	-1.07336	-0.543556	-0.434451	
k	3	0	10	-0.167302	-2.14321	-0.144343	-0.10108	-1.15478	0.819106	-0.576376	-0.537077	-0.933874	3.00565	-1.7921	0.0629985	2.48435	-0.969522	0.145335	0.147513	0.198814	-0.0297351	0.863384	2.06484	
k	3	0	11	-1.6153	0.932996	-0.988232	0.942336	0.848093	0.820467	-0.0799675	0.23253	0.665739	-0.207345	-0.109528	0.792509	-0.557243	1.78525	0.111628	0.798924	0.968444	-0.80491	0.308693	-1.36046	
k	3	0	12	-0.601656	1.77954	-1.0877	-0.501956	-0.102383	1.0537	-0.540201	-1.97402	0.13554	0.194628	-1.64161	0.764433	-0.384469	-1.57468	-0.512218	1.00708	1.69335	-0.261713	-0.135127	1.2454	
k	3	0	13	-0.523991	-1.91373	0.977268	0.788841	0.585474	-1.60556	-1.19785	0.735297	-0.345926	0.0541063	1.54216	0.450617	-0.689351	-1.00998	0.452306	0.15776	0.296602	-0.709409	1.18378	0.0392919	
k	3	0	14	0.759525	-0.184716	-0.642589	-0.968558	-1.63631	1.07355	-0.263011	0.920147	-0.936537	-0.0571282	0.497739	-1.67085	-1.14724	1.30614	1.30793	0.474893	1.43712	0.0999106	1.49164	-0.775015	
k	3	0	15	-0.824874	-0.226762	0.197558	0.533977	-1.05334	-0.383393	-0.992276	0.922928	0.622132	2.14861	-0.571513	0.732286	0.280082	-0.139818	0.538533	-0.211015	0.2754	-1.75031	-0.24543	0.204508	
k	3	0	16	-0.952338	-0.782367	-0.130007	2.91658	1.0518	-0.268389	-1.52617	0.323305	-0.737741	1.98961	-1.24089	-1.26591	-0.536061	1.62037	-0.0578716	0.679572	-1.99742	-1.92677	0.838097	-0.347162	
k	3	0	17	-0.277191	0.918949	-0.23096	-0.333862	-0.0153769	0.127667	-0.296705	0.549885	0.0609009	1.09225	-0.804078	0.306964	0.200139	0.756287	-1.03122	1.01009	0.31112	-0.817606	0.132279	0.782287	
k	3	0	18	-0.488382	-0.930389	0.287356	0.648743	-0.688569	-2.18693	-0.852401	1.65896	0.862186	-0.981244	-1.20395	-0.512002	-2.62829	-1.58174	0.068507	1.20802	-0.0149555	-1.46726	-1.37605	-1.19166	
k	3	0	19	0.293714	0.838083	0.340407	-1.26232	-1.13889	0.86877	-0.367832	0.388413	1.71714	-0.0654919	-2.02646	-0.599235	-0.855102	0.393569	-0.638024	0.692838	0.830072	0.469138	-0.402298	0.547854	
k	3	0	20	-1.08147	-1.81483	-0.611867	-1.04482	-1.48431	-0.984595	-0.743771	-0.0546083	-0.486059	-1.74562	-0.509124	0.945496	0.26062	0.213416	0.191415	-0.133892	1.36634	0.0599089	0.732721	-1.80256	
k	3	0	21	1.28765	0.0304011	-0.240433	-1.05611	0.798055	1.42668	0.490467	1.91305	0.822869	-0.675434	-0.0520685	-0.0494156	0.47172	0.490435	1.03242	-0.17755	-0.0284792	-0.239409	-1.31668	0.808471	
k	3	0	22	1.46611	0.327525	-0.143979	0.838404	0.0773198	-0.103075	-0.501786	-0.384919	0.163021	-0.501288	-0.993798	1.34398	1.03509	-0.0499101	1.11714	1.06008	0.695731	1.0763	-0.713813	0.217841	
k	3	0	23	-0.00254722	-1.06817	1.04455	-0.844247	-1.11342	-1.32998	0.165017	-1.04355	1.5204	1.79557	0.0464481	-0.148	0.601106	-0.0277246	-0.483737	1.67904	0.530392	-1.04457	1.55767	-0.367303	
k	3	0	24	-1.83411	2.1488	-0.39505	-1.60484	0.719908	0.791459	0.576882	1.76594	0.0711641	-2.13423	-0.280626	0.53167	1.97722	-0.0439736	0.181405	-0.629085	1.40664	1.03427	-0.810517	-0.460369	
k	3	0	25	-0.162159	-0.659729	-0.417644	1.67616	-0.203313	-0.472183	-1.38028	0.557906	-0.687385	-1.407	0.945463	0.28416	0.108275	0.385054	-0.768536	1.61476	-1.05339	-0.538283	1.08491	-0.738765	
k	3	0	26	0.968531	0.716305	-1.54757	-1.30883	0.153493	0.323141	-0.610404	0.948288	-1.70334	0.717459	-0.324702	1.39347	0.560085	-0.257561	0.799096	-0.33971	-0.870499	1.19732	-0.211342	-1.31369	
k	3	0	27	0.608561	-1.24355	0.355122	-1.42824	1.01409	-1.36709	-0.752104	2.21014	1.73274	0.543123	-0.0358155	0.514938	1.18918	-0.0582175	1.26137	-1.13694	-0.584809	0.566185	0.518405	-0.45993	
k	3	0	28	0.846069	-0.167885	0.522314	0.360878	-0.628843	0.207499	-1.0865	0.0209276	-1.188	0.19229	-0.163338	2.3397	0.836353	-0.375148	-0.90392	0.179546	0.463619	-0.487634	-0.131581	-0.849399	
k	3	0	29	-0.707778	-1.54206	-0.461722	0.0276881	0.649438	0.624106	-0.556042	1.18672	0.557155	0.425849	-0.0214052	1.05682	-0.102155	0.179796	1.55302	1.52684	0.0352106	0.749913	-0.0523861	-0.415724	
k	3	0	30	1.51361	0.548289	-0.787465	0.322315	0.39059	0.898264	0.208529	0.544796	-0.830163	-0.809752	1.95411	1.43721	0.113859	-0.497731	1.93367	-0.715776	-1.11332	2.47964	0.398153	0.857415	
k	3	0	31	-1.41455	-1.29449	-2.56479	1.39065	-0.598956	-2.68491	-3.18822	0.862505	-0.650983	0.621126	0.795673	1.14848	-2.19673	0.697409	-1.86639	-0.916579	0.159566	-1.61617	-0.500509	0.532218	
k	3	0	32	0.974152	1.03146	0.914544	-1.09761	-0.848931	0.0933074	1.0546	-0.356366	-0.157711	0.859498	0.297709	0.111964	-0.270842	0.583683	0.337162	-0.930925	1.33472	0.0137673	1.95113	-1.75068	
k	3	0	33	-1.40039	0.367014	0.0869354	0.767683	-1.5623	-0.138322	2.53128	-0.493492	-0.333656	-1.18719	0.177035	0.101156	1.45099	0.751719	0.883822	1.86364	-0.765263	-0.328188	-0.354928	0.0688578	
k	3	0	34	-1.8703	0.811217	-0.131443	0.53591	-2.01975	-0.749188	-1.53888	1.62388	0.322319	1.42671	0.392339	0.0528168	0.540715	0.185258	0.279252	0.424095	0.709121	-0.602798	0.458564	0.101748	
k	3	0	35	-1.58813	-1.80724	0.612578	-1.33201	-0.0421806	-1.09198	-1.74025	-0.312174	-1.36984	0.922332	-2.24029	0.692855	-0.0222546	0.562457	0.15491	0.519861	0.582794	-0.282087	0.110463	2.14089	
k	4	0	0	-0.289083	-1.05889	-1.12569	-0.157722	-2.01249	0.838765	0.906374	0.623063	-0.285128	1.57909	-0.249044	-0.943203	1.27944	-0.688202	-0.91934	0.828101	1.91844	-0.313866	-2.08886	-0.30163	
k	4	0	1	-1.56934	0.0976171	-0.395956	-0.96566	-2.69653	1.38656	-0.324484	1.34916	-1.24579	0.404391	1.11963	0.479921	-0.0532291	0.0378961	-0.758025	-0.511409	-0.067978	0.880285	0.508098	-0.825541	
k	4	0	2	-0.105194	0.51679	1.45882	-0.0251056	-0.2567	-1.18845	1.16528	-0.349937	0.994649	0.7565	-1.07316	0.929691	0.0811155	-0.407455	-0.00150323	1.18203	1.85678	0.737706	-2.02832	0.679515	
k	4	0	3	-0.455414	-0.667603	0.367071	0.0879445	-0.0947833	0.76475	0.0916518	0.421526	-1.37256	-1.66555	-0.0418094	0.526438	0.893502	0.0407885	-0.610033	-0.149423	0.977611	1.00595	1.24923	-1.3893	
k	4	0	4	1.08838	-0.983077	0.0618655	0.372032	0.504925	0.806539	1.06963	0.311085	1.42799	0.473232	0.930627	1.07936	-0.662706	-0.404496	-0.585358	0.324775	0.713793	-0.0360554	-0.778859	0.336389	
k	4	0	5	-1.27085	-0.512023	0.560674	-0.576538	-0.734852	1.91766	0.869065	1.29219	-0.878863	1.71261	-0.933251	1.97239	-0.176018	1.32259	-1.36512	0.966657	0.215895	2.50658	-1.46619	-0.553588	
k	4	0	6	0.0339251	-0.601743	-1.69109	-1.30204	-0.0496135	-0.107298	-0.033639	0.0981615	-1.19934	-0.517472	1.5812	1.43642	-0.891923	-0.357155	-0.357627	1.32645	1.20979	-0.967792	-1.69819	-0.783623	
k	4	0	7	-0.575995	3.91228e-05	0.341762	-0.531174	-0.360194	-0.485242	1.76708	0.868805	-0.288553	0.440992	-0.15894	1.32233	1.15512	0.0482086	-1.35521	0.806383	0.140446	0.75265	0.649322	-0.170498	
k	4	0	8	1.27627	-1.89004	-1.70245	-0.115962	0.300573	0.896735	-0.24993	0.691666	0.6915	-0.0141321	-0.336213	0.428719	0.774628	-0.174148	0.962326	0.388872	1.64559	0.0393627	-0.187797	0.460275	
k	4	0	9	1.78729	0.679996	1.10029	-1.56626	0.841399	-0.926489	0.593039	-1.9458	0.90493	-1.03455	-0.78034	0.733901	0.539446	-0.568487	0.785381	-1.1747	1.32647	0.498004	1.7463	0.0506599	
k	4	0	10	1.17855	0.932206	-0.975858	-0.994486	-0.189065	-1.56253	1.74837	0.987348	1.43324	0.328038	-0.60209	-1.30496	-1.08416	0.345953	1.20861	-1.34907	1.74755	0.3216	-1.88424	-1.42934	
k	4	0	11	-0.153206	-1.52964	-0.472536	-1.13874	1.72411	-0.851129	-0.408631	-0.135715	0.0488106	0.646269	-0.940091	-1.05582	-0.699075	1.05877	-0.690318	1.10388	1.46455	-2.00148	0.962634	0.528119	
k	4	0	12	-1.57524	-2.21441	-2.15407	-0.0844299	0.31672	1.04674	0.280621	-0.621487	-0.387512	-0.196491	0.0191498	-2.02727	0.746018	-1.64934	1.1031	0.0472207	-0.201471	-0.707146	-0.554947	0.192876	
k	4	0	13	0.685426	-0.38518	-0.678403	-2.13766	0.493703	-0.69497	-0.209184	0.69692	0.249509	0.215909	-0.508079	-1.60341	0.354079	-1.48896	-0.0705988	1.52358	0.210321	1.04514	-0.2488	0.547231	
k	4	0	14	-0.556989	-0.105946	0.0523007	0.55285	0.666463	-1.01809	-0.374592	-0.69363	-1.86325	-1.25847	1.38266	0.697689	-0.160335	0.491664	0.590264	0.429957	-0.526691	2.34288	-1.17144	1.25363	
k	4	0	15	0.209052	0.0463545	-0.78003	-0.425863	-3.06445	-0.601433	-0.349901	1.55868	-0.567995	0.68995	-0.165423	1.6402	-2.1329	-0.618926	0.0651737	-0.696004	-0.909856	-1.31885	-0.665531	-1.3148	
k	4	0	16	-0.496485	0.44206	-0.111713	-1.2239	1.07541	-1.365	-0.00637192	-0.537436	-0.640306	1.31854	-1.09266	0.166409	0.0709944	0.801043	-1.06222	1.76584	0.293202	-1.1668	1.27473	-0.333803	
k	4	0	17	1.38715	-1.45078	0.661499	-1.89551	0.566804	-0.997702	0.345173	-0.151763	0.487648	1.62315	-0.720452	0.430471	0.58922	-0.152096	-0.0336664	-1.06008	-0.836955	0.558195	0.0242559	-0.752216	
k	4	0	18	0.929768	0.0463447	-0.716436	-0.329513	1.43951	0.454555	0.416152	-0.983648	0.57621	1.5998	0.535658	0.482571	0.601521	0.525135	0.552036	1.53545	0.905235	-0.172768	0.909754	0.970498	
k	4	0	19	0.333834	0.133647	0.697099	-0.589706	0.000985916	0.0874017	0.577418	0.691431	-0.0930564	0.070412	-1.94236	-0.889215	0.7498	-0.883539	-0.37861	0.487266	0.0656729	-1.41465	-0.777451	-1.38826	
k	4	0	20	-1.55576	-2.34217	0.389882	0.273104	-1.95574	0.516052	-1.43635	1.82281	0.981874	1.12599	1.99988	1.28026	-0.229745	0.898477	0.439776	-0.0568477	0.623683	0.795248	-0.655074	0.269838	
k	4	0	21	1.32636	-2.02217	-0.079843	-0.287534	-1.06473	1.16846	1.11914	1.04434	-0.618592	0.122273	-0.364779	0.056633	1.7111	0.947095	-0.662578	-0.900316	1.97601	1.66584	1.27636	0.170649	
k	4	0	22	-1.47251	-1.14014	1.8926	-0.759245	1.68923	0.909087	-0.747817	0.356954	-0.257994	-0.655751	-1.42304	0.0483311	1.37167	-0.0559269	-1.02115	-1.07875	-0.285539	-0.172875	0.259828	-0.908528	
k	4	0	23	-0.960968	0.778579	0.817131	1.03828	0.680579	0.961078	-1.13478	0.402265	-0.43008	-1.14426	0.417766	1.20957	0.191507	-2.50148	0.268829	1.30541	-0.566772	0.870898	-0.909015	1.94739	
k	4	0	24	0.103359	-0.870782	0.185419	-1.13928	-1.76648	0.379648	0.523593	-1.61359	0.560054	-1.10119	0.740649	-0.658283	1.89133	0.468882	0.126915	-0.857265	1.31931	0.19907	-0.202526	-0.895829	
k	4	0	25	0.309524	0.183644	-0.51649	0.982006	-1.15072	-0.167669	-0.05678	-1.05175	0.306528	0.305682	0.308056	0.30333	-0.225052	1.78978	0.476851	-0.365027	0.465901	-0.745861	-0.56604	0.290451	
k	4	0	26	0.12507	-2.11437	0.40691	1.10333	-0.473987	-0.343463	-0.701233	-0.682055	-1.65269	1.24518	-0.600281	-0.360488	0.339924	0.532406	-1.2414	-0.00756271	0.379183	1.45546	0.407291	-0.382157	
k	4	0	27	-0.716969	-1.3996	0.678485	0.155498	0.537943	0.143773	-1.80753	0.567546	1.78546	-0.424831	-0.299237	-0.398949	-0.319413	-0.410708	2.55896	-0.16964	0.358843	1.16857	-1.01399	0.473379	
k	4	0	28	-0.405348	-0.645732	-1.03699	1.16048	1.43226	-1.59669	1.61372	1.00743	-0.692805	0.367092	-1.2692	-0.93714	1.77808	-1.57619	-0.45427	-0.246095	1.44895	-0.69474	-0.0331618	0.280882	
k	4	0	29	0.617209	0.644831	1.10161	-0.60659	-0.313893	1.30051	-0.474148	-0.480221	-0.291009	0.788946	-0.57114	0.679464	0.270556	-1.48065	1.32761	0.806347	0.715829	0.982752	-0.151715	0.621888	
k	4	0	30	-0.617318	0.251398	-0.0705979	-0.639065	-1.20848	-0.195552	-0.665561	-0.200188	1.36385	-1.26093	-0.344553	-0.182177	-1.45744	-0.397561	-0.806086	0.632813	0.848454	0.65308	0.135674	-0.769323	
k	4	0	31	0.347672	-0.447527	0.170305	-0.595644	0.401717	0.534874	-0.816969	0.922487	-0.0718109	1.34055	-0.256583	1.47936	0.393967	-1.45838	0.571541	0.287763	-0.173196	-0.458523	0.180423	-0.198293	
k	4	0	32	1.27839	-0.454877	-0.765632	-0.670808	-0.561074	-0.0869274	1.79112	0.358013	0.950343	-0.281215	0.436547	1.08438	-1.80347	1.48393	-0.424457	-1.15878	0.716217	-1.08669	-0.0801388	0.265221	
k	4	0	33	-0.865443	0.510475	-1.39868	-0.0396645	-1.43325	0.40548	-0.829322	-0.325368	0.360151	-1.62965	1.29573	-0.372506	-0.243233	-1.28385	-1.40275	-0.336853	-1.74044	-0.129346	1.04164	0.826732	
k	4	0	34	-0.200092	0.718445	-2.45919	-1.24389	-0.653612	-0.884061	1.59553	0.08476	-0.796669	-1.89124	-1.8804	-0.326791	-0.277891	-0.860981	1.89982	-1.37204	0.626364	1.25047	0.384856	-0.263369	
k	4	0	35	-0.696823	1.79595	-0.250199	-1.18679	0.460941	-1.23323	1.79558	2.14199	-0.0260006	-2.09428	-0.483791	-0.874642	-1.3472	-0.95894	-0.503868	1.69006	-0.842504	-2.98769	-0.672044	0.437345	
